0,0.661437
1,0.631339
2,0.631339
3,0.610829
4,0.610829
5,0.637492
6,0.637492
7,0.637492
8,0.637492
9,0.637492
10,0.637492
11,0.636159
12,0.674717
13,0.674717
14,0.674717
15,0.674717
16,0.674717
17,0.674717
18,0.674717
19,0.674717
20,0.674717
21,0.674717
22,0.674717
23,0.674717
24,0.674717
25,0.674717
26,0.674717
27,0.674717
28,0.674717
29,0.674717
30,0.679126
31,0.679126
32,0.679126
33,0.679126
34,0.679126
35,0.679126
36,0.679126
37,0.644157
38,0.644875
39,0.644875
40,0.644875
41,0.644875
42,0.644875
43,0.644875
44,0.644875
45,0.644875
46,0.644875
47,0.644875
48,0.644875
49,0.644875
50,0.644875
51,0.644875
52,0.644875
53,0.644875
54,0.644875
55,0.644875
56,0.644875
57,0.644875
58,0.644875
59,0.644875
60,0.644875
61,0.644875
62,0.642978
63,0.642978
64,0.642978
65,0.642978
66,0.642978
67,0.642978
68,0.642978
69,0.642978
70,0.642978
71,0.642978
72,0.642978
73,0.642978
74,0.642978
75,0.642978
76,0.642978
77,0.642978
78,0.642978
79,0.642978
80,0.642978
81,0.642978
82,0.642978
83,0.642978
84,0.642978
85,0.642978
86,0.642978
87,0.642978
88,0.642978
89,0.642978
90,0.642978
91,0.642978
92,0.642978
93,0.642978
94,0.642978
95,0.642978
96,0.642978
97,0.642978
98,0.642978
99,0.693278
100,0.693278
101,0.693278
102,0.693278
103,0.693278
104,0.693278
105,0.693278
106,0.693278
107,0.693278
108,0.693278
109,0.693278
110,0.693278
111,0.693278
112,0.693278
113,0.693278
114,0.693278
115,0.693278
116,0.693278
117,0.693278
118,0.693278
119,0.693278
120,0.693278
121,0.693278
122,0.693278
123,0.693278
124,0.693278
125,0.693278
126,0.693278
127,0.693278
128,0.693278
129,0.693278
130,0.693278
131,0.693278
132,0.693278
133,0.693278
134,0.693278
135,0.693278
136,0.693278
137,0.693278
138,0.693278
139,0.693278
140,0.693278
141,0.693278
142,0.693278
143,0.693278
144,0.693278
145,0.693278
146,0.693278
147,0.693278
148,0.693278
149,0.693278
150,0.693278
151,0.693278
152,0.693278
153,0.693278
154,0.693278
155,0.693278
156,0.693278
157,0.693278
158,0.693278
159,0.693278
160,0.693278
161,0.693278
162,0.693278
163,0.693278
164,0.693278
165,0.693278
166,0.693278
167,0.693278
168,0.693278
169,0.693278
170,0.693278
171,0.693278
172,0.693278
173,0.693278
174,0.693278
175,0.693278
176,0.693278
177,0.693278
178,0.693278
179,0.693278
180,0.693278
181,0.693278
182,0.693278
183,0.693278
184,0.693278
185,0.693278
186,0.693278
187,0.693278
188,0.693278
189,0.693278
190,0.693278
191,0.693278
192,0.693278
193,0.693278
194,0.693278
195,0.693278
196,0.693278
197,0.693278
198,0.693278
199,0.693278
200,0.693278
201,0.693278
202,0.693278
203,0.693278
204,0.693278
205,0.693278
206,0.693278
207,0.693278
208,0.693278
209,0.693278
210,0.693278
211,0.693278
212,0.693278
213,0.693278
214,0.693278
215,0.693278
216,0.693278
217,0.693278
218,0.693278
219,0.693278
220,0.693278
221,0.693278
222,0.693278
223,0.693278
224,0.693278
225,0.693278
226,0.693278
227,0.693278
228,0.693278
229,0.693278
230,0.693278
231,0.693278
232,0.693278
233,0.693278
234,0.693278
235,0.693278
236,0.693278
237,0.693278
238,0.693278
239,0.693278
240,0.693278
241,0.693278
242,0.693278
243,0.693278
244,0.693278
245,0.693278
246,0.693278
247,0.693278
248,0.693278
249,0.693278
250,0.693278
251,0.693278
252,0.693278
253,0.693278
254,0.693278
255,0.693278
256,0.693278
257,0.693278
258,0.693278
259,0.693278
260,0.693278
261,0.693278
262,0.693278
263,0.693278
264,0.693278
265,0.693278
266,0.693278
267,0.693278
268,0.693278
269,0.693278
270,0.693278
271,0.693278
272,0.693278
273,0.693278
274,0.693278
275,0.693278
276,0.693278
277,0.693278
278,0.693278
279,0.693278
280,0.693278
281,0.693278
282,0.693278
283,0.693278
284,0.693278
285,0.693278
286,0.693278
287,0.693278
288,0.693278
289,0.693278
290,0.693278
291,0.693278
292,0.693278
293,0.693278
294,0.693278
295,0.693278
296,0.693278
297,0.693278
298,0.693278
299,0.693278
300,0.693278
301,0.693278
302,0.693278
303,0.693278
304,0.693278
305,0.693278
306,0.693278
307,0.693278
308,0.693278
309,0.693278
310,0.693278
311,0.693278
312,0.693278
313,0.693278
314,0.693278
315,0.693278
316,0.693278
317,0.693278
318,0.693278
319,0.693278
320,0.693278
321,0.693278
322,0.693278
323,0.693278
324,0.693278
325,0.693278
326,0.693278
327,0.693278
328,0.693278
329,0.693278
330,0.693278
331,0.693278
332,0.693278
333,0.693278
334,0.693278
335,0.693278
336,0.693278
337,0.693278
338,0.693278
339,0.693278
340,0.693278
341,0.693278
342,0.693278
343,0.693278
344,0.693278
345,0.693278
346,0.693278
347,0.693278
348,0.693278
349,0.693278
350,0.693278
351,0.693278
352,0.693278
353,0.693278
354,0.693278
355,0.693278
356,0.693278
357,0.693278
358,0.693278
359,0.693278
360,0.693278
361,0.693278
362,0.693278
363,0.693278
364,0.693278
365,0.693278
366,0.693278
367,0.693278
368,0.693278
369,0.693278
370,0.693278
371,0.693278
372,0.693278
373,0.693278
374,0.693278
375,0.693278
376,0.693278
377,0.693278
378,0.693278
379,0.693278
380,0.693278
381,0.693278
382,0.693278
383,0.693278
384,0.693278
385,0.693278
386,0.693278
387,0.693278
388,0.693278
389,0.693278
390,0.693278
391,0.693278
392,0.693278
393,0.693278
394,0.693278
395,0.693278
396,0.693278
397,0.693278
398,0.693278
399,0.693278
400,0.693278
401,0.693278
402,0.693278
403,0.693278
404,0.693278
405,0.693278
406,0.693278
407,0.693278
408,0.693278
409,0.693278
410,0.693278
411,0.693278
412,0.693278
413,0.693278
414,0.693278
415,0.693278
416,0.693278
417,0.693278
418,0.693278
419,0.693278
420,0.693278
421,0.693278
422,0.693278
423,0.693278
424,0.693278
425,0.693278
426,0.693278
427,0.693278
428,0.693278
429,0.693278
430,0.693278
431,0.693278
432,0.693278
433,0.693278
434,0.693278
435,0.693278
436,0.693278
437,0.693278
438,0.693278
439,0.693278
440,0.693278
441,0.693278
442,0.693278
443,0.693278
444,0.693278
445,0.693278
446,0.693278
447,0.693278
448,0.693278
449,0.693278
450,0.693278
451,0.693278
452,0.693278
453,0.693278
454,0.693278
455,0.693278
456,0.693278
457,0.693278
458,0.693278
459,0.693278
460,0.693278
461,0.693278
462,0.693278
463,0.693278
464,0.693278
465,0.693278
466,0.693278
467,0.693278
468,0.693278
469,0.693278
470,0.693278
471,0.693278
472,0.693278
473,0.693278
474,0.693278
475,0.693278
476,0.693278
477,0.693278
478,0.693278
479,0.693278
480,0.693278
481,0.693278
482,0.693278
483,0.693278
484,0.693278
485,0.693278
486,0.693278
487,0.693278
488,0.693278
489,0.693278
490,0.693278
491,0.693278
492,0.693278
493,0.693278
494,0.693278
495,0.693278
496,0.693278
497,0.693278
498,0.693278
499,0.693278
500,0.693278
501,0.693278
502,0.693278
503,0.693278
504,0.693278
505,0.693278
506,0.693278
507,0.693278
508,0.693278
509,0.693278
510,0.693278
511,0.693278
512,0.693278
513,0.693278
514,0.693278
515,0.693278
516,0.693278
517,0.693278
518,0.693278
519,0.693278
520,0.693278
521,0.693278
522,0.693278
523,0.693278
524,0.693278
525,0.693278
526,0.693278
527,0.693278
528,0.693278
529,0.693278
530,0.693278
531,0.693278
532,0.693278
533,0.693278
534,0.693278
535,0.693278
536,0.693278
537,0.693278
538,0.693278
539,0.693278
540,0.693278
541,0.693278
542,0.693278
543,0.693278
544,0.693278
545,0.693278
546,0.693278
547,0.693278
548,0.693278
549,0.693278
550,0.693278
551,0.693278
552,0.693278
553,0.693278
554,0.693278
555,0.693278
556,0.693278
557,0.693278
558,0.693278
559,0.693278
560,0.693278
561,0.693278
562,0.693278
563,0.693278
564,0.693278
565,0.693278
566,0.693278
567,0.693278
568,0.693278
569,0.693278
570,0.693278
571,0.693278
572,0.693278
573,0.693278
574,0.693278
575,0.693278
576,0.693278
577,0.693278
578,0.693278
579,0.693278
580,0.693278
581,0.693278
582,0.693278
583,0.693278
584,0.693278
585,0.693278
586,0.693278
587,0.693278
588,0.693278
589,0.693278
590,0.693278
591,0.693278
592,0.693278
593,0.693278
594,0.693278
595,0.693278
596,0.693278
597,0.693278
598,0.693278
599,0.693278
600,0.693278
601,0.693278
602,0.693278
603,0.693278
604,0.693278
605,0.693278
606,0.693278
607,0.693278
608,0.693278
609,0.693278
610,0.693278
611,0.693278
612,0.693278
613,0.693278
614,0.693278
615,0.693278
616,0.693278
617,0.693278
618,0.693278
619,0.693278
620,0.693278
621,0.693278
622,0.693278
623,0.693278
624,0.693278
625,0.693278
626,0.693278
627,0.693278
628,0.693278
629,0.693278
630,0.693278
631,0.693278
632,0.693278
633,0.693278
634,0.693278
635,0.693278
636,0.693278
637,0.693278
638,0.693278
639,0.693278
640,0.693278
641,0.693278
642,0.693278
643,0.693278
644,0.693278
645,0.693278
646,0.693278
647,0.693278
648,0.693278
649,0.693278
650,0.693278
651,0.693278
652,0.693278
653,0.693278
654,0.693278
655,0.693278
656,0.693278
657,0.693278
658,0.693278
659,0.693278
660,0.693278
661,0.693278
662,0.693278
663,0.693278
664,0.693278
665,0.693278
666,0.693278
667,0.693278
668,0.693278
669,0.693278
670,0.693278
671,0.693278
672,0.693278
673,0.693278
674,0.693278
675,0.693278
676,0.693278
677,0.693278
678,0.693278
679,0.693278
680,0.693278
681,0.693278
682,0.693278
683,0.693278
684,0.693278
685,0.693278
686,0.693278
687,0.693278
688,0.693278
689,0.693278
690,0.693278
691,0.693278
692,0.693278
693,0.693278
694,0.693278
695,0.693278
696,0.693278
697,0.693278
698,0.693278
699,0.693278
700,0.693278
701,0.693278
702,0.693278
703,0.693278
704,0.693278
705,0.693278
706,0.693278
707,0.693278
708,0.693278
709,0.693278
710,0.693278
711,0.693278
712,0.693278
713,0.693278
714,0.693278
715,0.693278
716,0.693278
717,0.693278
718,0.693278
719,0.693278
720,0.693278
721,0.693278
722,0.693278
723,0.693278
724,0.693278
725,0.693278
726,0.693278
727,0.693278
728,0.693278
729,0.693278
730,0.693278
731,0.693278
732,0.693278
733,0.693278
734,0.693278
735,0.693278
736,0.693278
737,0.693278
738,0.693278
739,0.693278
740,0.693278
741,0.693278
742,0.693278
743,0.693278
744,0.693278
745,0.693278
746,0.693278
747,0.693278
748,0.693278
749,0.693278
750,0.693278
751,0.693278
752,0.693278
753,0.693278
754,0.693278
755,0.693278
756,0.693278
757,0.693278
758,0.693278
759,0.693278
760,0.693278
761,0.693278
762,0.693278
763,0.693278
764,0.693278
765,0.693278
766,0.693278
767,0.693278
768,0.693278
769,0.693278
770,0.693278
771,0.693278
772,0.693278
773,0.693278
774,0.693278
775,0.693278
776,0.693278
777,0.693278
778,0.693278
779,0.693278
780,0.693278
781,0.693278
782,0.693278
783,0.693278
784,0.693278
785,0.693278
786,0.693278
787,0.693278
788,0.693278
789,0.693278
790,0.693278
791,0.693278
792,0.693278
793,0.693278
794,0.693278
795,0.693278
796,0.693278
797,0.693278
798,0.693278
799,0.693278
800,0.693278
801,0.693278
802,0.693278
803,0.693278
804,0.693278
805,0.693278
806,0.693278
807,0.693278
808,0.693278
809,0.693278
810,0.693278
811,0.693278
812,0.693278
813,0.693278
814,0.693278
815,0.693278
816,0.693278
817,0.693278
818,0.693278
819,0.693278
820,0.693278
821,0.693278
822,0.693278
823,0.693278
824,0.693278
825,0.693278
826,0.693278
827,0.693278
828,0.693278
829,0.693278
830,0.693278
831,0.693278
832,0.693278
833,0.693278
834,0.693278
835,0.693278
836,0.693278
837,0.693278
838,0.693278
839,0.693278
840,0.693278
841,0.693278
842,0.693278
843,0.693278
844,0.693278
845,0.693278
846,0.693278
847,0.693278
848,0.693278
849,0.693278
850,0.693278
851,0.693278
852,0.693278
853,0.693278
854,0.693278
855,0.693278
856,0.693278
857,0.693278
858,0.693278
859,0.693278
860,0.693278
861,0.693278
862,0.693278
863,0.693278
864,0.693278
865,0.693278
866,0.693278
867,0.693278
868,0.693278
869,0.693278
870,0.693278
871,0.693278
872,0.693278
873,0.693278
874,0.693278
875,0.693278
876,0.693278
877,0.693278
878,0.693278
879,0.693278
880,0.693278
881,0.693278
882,0.693278
883,0.693278
884,0.693278
885,0.693278
886,0.693278
887,0.693278
888,0.693278
889,0.693278
890,0.693278
891,0.693278
892,0.693278
893,0.693278
894,0.693278
895,0.693278
896,0.693278
897,0.693278
898,0.693278
899,0.693278
900,0.693278
901,0.693278
902,0.693278
903,0.693278
904,0.693278
905,0.693278
906,0.693278
907,0.693278
908,0.693278
909,0.693278
910,0.693278
911,0.693278
912,0.693278
913,0.693278
914,0.693278
915,0.693278
916,0.693278
917,0.693278
918,0.693278
919,0.693278
920,0.693278
921,0.693278
922,0.693278
923,0.693278
924,0.693278
925,0.693278
926,0.693278
927,0.693278
928,0.693278
929,0.693278
930,0.693278
931,0.693278
932,0.693278
933,0.693278
934,0.693278
935,0.693278
936,0.693278
937,0.693278
938,0.693278
939,0.693278
940,0.693278
941,0.693278
942,0.693278
943,0.693278
944,0.693278
945,0.693278
946,0.693278
947,0.693278
948,0.693278
949,0.693278
950,0.693278
951,0.693278
952,0.693278
953,0.693278
954,0.693278
955,0.693278
956,0.693278
957,0.693278
958,0.693278
959,0.693278
960,0.693278
961,0.693278
962,0.693278
963,0.693278
964,0.693278
965,0.693278
966,0.693278
967,0.693278
968,0.693278
969,0.693278
970,0.693278
971,0.693278
972,0.693278
973,0.693278
974,0.693278
975,0.693278
976,0.693278
977,0.693278
978,0.693278
979,0.693278
980,0.693278
981,0.693278
982,0.693278
983,0.693278
984,0.693278
985,0.693278
986,0.693278
987,0.693278
988,0.693278
989,0.693278
990,0.693278
991,0.693278
992,0.693278
993,0.693278
994,0.693278
995,0.693278
996,0.693278
997,0.693278
998,0.693278
999,0.693278
1000,0.693278
1001,0.693278
1002,0.693278
1003,0.651643
1004,0.651643
1005,0.651643
1006,0.651643
1007,0.658155
1008,0.658155
1009,0.696406
1010,0.68774
1011,0.692509
1012,0.684459
1013,0.684459
1014,0.684459
1015,0.684459
1016,0.684459
1017,0.684459
1018,0.684459
1019,0.684459
1020,0.684459
1021,0.684459
1022,0.684459
1023,0.684459
1024,0.684459
1025,0.690919
1026,0.701277
1027,0.701277
1028,0.701277
1029,0.688048
1030,0.690919
1031,0.70261
1032,0.70261
1033,0.70261
1034,0.70261
1035,0.70261
1036,0.70261
1037,0.70261
1038,0.68774
1039,0.699226
1040,0.699226
1041,0.68369
1042,0.68369
1043,0.68369
1044,0.68369
1045,0.68369
1046,0.68369
1047,0.68369
1048,0.68369
1049,0.68369
1050,0.68369
1051,0.68369
1052,0.68369
1053,0.68369
1054,0.68369
1055,0.68369
1056,0.68369
1057,0.68369
1058,0.68369
1059,0.68369
1060,0.68369
1061,0.68369
1062,0.68369
1063,0.68369
1064,0.68369
1065,0.68369
1066,0.68369
1067,0.68369
1068,0.766497
1069,0.747321
1070,0.747321
1071,0.72876
1072,0.720863
1073,0.720863
1074,0.720863
1075,0.786033
1076,0.811414
1077,0.76137
1078,0.753987
1079,0.753987
1080,0.786187
1081,0.764139
1082,0.764139
1083,0.764139
1084,0.764139
1085,0.770599
1086,0.770599
1087,0.770599
1088,0.770599
1089,0.770599
1090,0.770599
1091,0.770599
1092,0.770599
1093,0.770599
1094,0.770599
1095,0.770599
1096,0.770599
1097,0.770599
1098,0.770599
1099,0.770599
1100,0.770599
1101,0.770599
1102,0.770599
1103,0.770599
1104,0.808542
1105,0.808542
1106,0.808542
1107,0.808542
1108,0.794596
1109,0.828642
1110,0.828642
1111,0.828642
1112,0.828642
1113,0.828642
1114,0.828642
1115,0.828642
1116,0.828642
1117,0.828642
1118,0.828642
1119,0.828642
1120,0.828642
1121,0.828642
1122,0.828642
1123,0.828642
1124,0.828642
1125,0.828642
1126,0.828642
1127,0.828642
1128,0.828642
1129,0.828642
1130,0.828642
1131,0.828642
1132,0.828642
1133,0.828642
1134,0.828642
1135,0.828642
1136,0.828642
1137,0.828642
1138,0.828642
1139,0.828642
1140,0.828642
1141,0.828642
1142,0.828642
1143,0.828642
1144,0.828642
1145,0.828642
1146,0.828642
1147,0.828642
1148,0.828642
1149,0.828642
1150,0.828642
1151,0.828642
1152,0.828642
1153,0.828642
1154,0.828642
1155,0.828642
1156,0.828642
1157,0.828642
1158,0.828642
1159,0.828642
1160,0.828642
1161,0.828642
1162,0.828642
1163,0.828642
1164,0.828642
1165,0.828642
1166,0.773778
1167,0.773778
1168,0.773778
1169,0.758499
1170,0.758499
1171,0.758499
1172,0.759934
1173,0.7666
1174,0.780085
1175,0.780085
1176,0.780085
1177,0.780085
1178,0.780085
1179,0.780085
1180,0.780085
1181,0.780085
1182,0.780085
1183,0.780085
1184,0.780085
1185,0.780085
1186,0.780085
1187,0.780085
1188,0.780085
1189,0.780085
1190,0.780085
1191,0.780085
1192,0.780085
1193,0.780085
1194,0.780085
1195,0.780085
1196,0.780085
1197,0.780085
1198,0.780085
1199,0.780085
1200,0.780085
1201,0.780085
1202,0.780085
1203,0.780085
1204,0.780085
1205,0.780085
1206,0.780085
1207,0.817361
1208,0.817361
1209,0.817361
1210,0.817361
1211,0.817361
1212,0.816438
1213,0.816438
1214,0.816438
1215,0.79275
1216,0.79275
1217,0.79275
1218,0.79275
1219,0.79275
1220,0.79275
1221,0.79275
1222,0.79275
1223,0.79275
1224,0.79275
1225,0.79275
1226,0.79275
1227,0.79275
1228,0.79275
1229,0.794493
1230,0.773112
1231,0.773112
1232,0.773112
1233,0.750602
1234,0.78229
1235,0.777111
1236,0.777111
1237,0.777111
1238,0.777111
1239,0.777111
1240,0.777111
1241,0.777111
1242,0.777111
1243,0.777111
1244,0.777111
1245,0.777111
1246,0.777111
1247,0.778444
1248,0.793263
1249,0.793263
1250,0.793263
1251,0.793263
1252,0.784136
1253,0.784136
1254,0.799108
1255,0.799108
1256,0.799108
1257,0.799108
1258,0.804851
1259,0.804851
1260,0.804851
1261,0.804851
1262,0.804851
1263,0.804851
1264,0.804851
1265,0.804851
1266,0.804851
1267,0.804851
1268,0.804851
1269,0.804851
1270,0.804851
1271,0.804851
1272,0.804851
1273,0.804851
1274,0.804851
1275,0.804851
1276,0.804851
1277,0.804851
1278,0.804851
1279,0.804851
1280,0.804851
1281,0.804851
1282,0.804851
1283,0.804851
1284,0.804851
1285,0.804851
1286,0.804851
1287,0.804851
1288,0.804851
1289,0.804851
1290,0.804851
1291,0.804851
1292,0.804851
1293,0.804851
1294,0.804851
1295,0.804851
1296,0.804851
1297,0.804851
1298,0.804851
1299,0.804851
1300,0.804851
1301,0.763626
1302,0.763626
1303,0.789468
1304,0.789468
1305,0.780854
1306,0.780854
1307,0.780854
1308,0.780854
1309,0.780854
1310,0.780854
1311,0.780854
1312,0.780854
1313,0.780854
1314,0.780854
1315,0.780854
1316,0.839717
1317,0.836179
1318,0.812542
1319,0.812542
1320,0.812542
1321,0.812542
1322,0.838179
1323,0.838179
1324,0.838179
1325,0.838179
1326,0.838179
1327,0.838179
1328,0.838179
1329,0.838179
1330,0.838179
1331,0.838179
1332,0.838179
1333,0.838179
1334,0.838179
1335,0.838179
1336,0.796134
1337,0.793775
1338,0.793775
1339,0.793775
1340,0.793775
1341,0.793775
1342,0.793775
1343,0.793775
1344,0.793775
1345,0.793775
1346,0.793775
1347,0.793775
1348,0.793775
1349,0.793775
1350,0.793775
1351,0.793775
1352,0.793775
1353,0.793775
1354,0.793775
1355,0.793775
1356,0.793775
1357,0.793775
1358,0.793775
1359,0.793775
1360,0.793775
1361,0.793775
1362,0.793775
1363,0.793775
1364,0.793775
1365,0.793775
1366,0.793775
1367,0.793775
1368,0.793775
1369,0.793775
1370,0.793775
1371,0.793775
1372,0.793775
1373,0.793775
1374,0.793775
1375,0.793775
1376,0.793775
1377,0.793775
1378,0.793775
1379,0.793775
1380,0.793775
1381,0.793775
1382,0.793775
1383,0.793775
1384,0.793775
1385,0.793775
1386,0.793775
1387,0.793775
1388,0.793775
1389,0.793775
1390,0.793775
1391,0.793775
1392,0.793775
1393,0.793775
1394,0.793775
1395,0.793775
1396,0.793775
1397,0.793775
1398,0.793775
1399,0.793775
1400,0.793775
1401,0.793775
1402,0.793775
1403,0.793775
1404,0.764652
1405,0.761319
1406,0.761319
1407,0.758037
1408,0.758037
1409,0.758037
1410,0.758037
1411,0.758037
1412,0.758037
1413,0.758037
1414,0.758037
1415,0.758037
1416,0.758037
1417,0.758037
1418,0.758037
1419,0.758037
1420,0.758037
1421,0.758037
1422,0.758037
1423,0.758037
1424,0.758037
1425,0.758037
1426,0.758037
1427,0.758037
1428,0.758037
1429,0.758037
1430,0.758037
1431,0.758037
1432,0.758037
1433,0.758037
1434,0.758037
1435,0.758037
1436,0.758037
1437,0.758037
1438,0.758037
1439,0.758037
1440,0.758037
1441,0.758037
1442,0.758037
1443,0.758037
1444,0.758037
1445,0.758037
1446,0.758037
1447,0.758037
1448,0.758037
1449,0.758037
1450,0.758037
1451,0.758037
1452,0.758037
1453,0.758037
1454,0.758037
1455,0.758037
1456,0.758037
1457,0.758037
1458,0.758037
1459,0.758037
1460,0.758037
1461,0.758037
1462,0.758037
1463,0.758037
1464,0.758037
1465,0.758037
1466,0.758037
1467,0.758037
1468,0.758037
1469,0.758037
1470,0.758037
1471,0.758037
1472,0.758037
1473,0.758037
1474,0.758037
1475,0.758037
1476,0.758037
1477,0.758037
1478,0.758037
1479,0.758037
1480,0.758037
1481,0.758037
1482,0.758037
1483,0.758037
1484,0.758037
1485,0.758037
1486,0.758037
1487,0.758037
1488,0.758037
1489,0.758037
1490,0.758037
1491,0.758037
1492,0.758037
1493,0.758037
1494,0.758037
1495,0.758037
1496,0.758037
1497,0.758037
1498,0.758037
1499,0.758037
1500,0.758037
1501,0.758037
1502,0.758037
1503,0.758037
1504,0.758037
1505,0.758037
1506,0.758037
1507,0.758037
1508,0.758037
1509,0.758037
1510,0.758037
1511,0.758037
1512,0.758037
1513,0.758037
1514,0.758037
1515,0.758037
1516,0.758037
1517,0.758037
1518,0.758037
1519,0.758037
1520,0.758037
1521,0.758037
1522,0.758037
1523,0.758037
1524,0.758037
1525,0.758037
1526,0.758037
1527,0.758037
1528,0.758037
1529,0.758037
1530,0.758037
1531,0.758037
1532,0.758037
1533,0.758037
1534,0.758037
1535,0.758037
1536,0.758037
1537,0.758037
1538,0.758037
1539,0.758037
1540,0.758037
1541,0.758037
1542,0.758037
1543,0.758037
1544,0.758037
1545,0.758037
1546,0.758037
1547,0.758037
1548,0.758037
1549,0.758037
1550,0.758037
1551,0.758037
1552,0.758037
1553,0.758037
1554,0.758037
1555,0.758037
1556,0.758037
1557,0.758037
1558,0.758037
1559,0.758037
1560,0.758037
1561,0.758037
1562,0.758037
1563,0.758037
1564,0.758037
1565,0.758037
1566,0.758037
1567,0.758037
1568,0.758037
1569,0.758037
1570,0.758037
1571,0.758037
1572,0.758037
1573,0.758037
1574,0.758037
1575,0.758037
1576,0.758037
1577,0.758037
1578,0.758037
1579,0.758037
1580,0.758037
1581,0.758037
1582,0.758037
1583,0.758037
1584,0.758037
1585,0.758037
1586,0.758037
1587,0.758037
1588,0.758037
1589,0.758037
1590,0.758037
1591,0.758037
1592,0.758037
1593,0.758037
1594,0.758037
1595,0.758037
1596,0.758037
1597,0.758037
1598,0.758037
1599,0.758037
1600,0.758037
1601,0.758037
1602,0.758037
1603,0.758037
1604,0.758037
1605,0.758037
1606,0.794493
1607,0.813465
1608,0.813465
1609,0.813465
1610,0.813465
1611,0.813465
1612,0.813465
1613,0.775317
1614,0.791827
1615,0.791827
1616,0.791827
1617,0.791827
1618,0.758755
1619,0.758755
1620,0.758755
1621,0.763934
1622,0.768446
1623,0.775009
1624,0.775009
1625,0.775009
1626,0.775009
1627,0.784854
1628,0.812849
1629,0.812849
1630,0.798698
1631,0.798698
1632,0.798698
1633,0.79034
1634,0.797672
1635,0.797672
1636,0.797672
1637,0.797672
1638,0.797672
1639,0.797672
1640,0.797672
1641,0.797672
1642,0.797672
1643,0.797672
1644,0.797672
1645,0.797672
1646,0.797672
1647,0.797672
1648,0.797672
1649,0.797672
1650,0.797672
1651,0.797672
1652,0.797672
1653,0.797672
1654,0.797672
1655,0.797672
1656,0.797672
1657,0.797672
1658,0.797672
1659,0.797672
1660,0.797672
1661,0.797672
1662,0.797672
1663,0.797672
1664,0.797672
1665,0.797672
1666,0.797672
1667,0.797672
1668,0.797672
1669,0.797672
1670,0.797672
1671,0.797672
1672,0.797672
1673,0.797672
1674,0.797672
1675,0.797672
1676,0.797672
1677,0.797672
1678,0.797672
1679,0.797672
1680,0.797672
1681,0.797672
1682,0.797672
1683,0.797672
1684,0.797672
1685,0.797672
1686,0.797672
1687,0.797672
1688,0.797672
1689,0.797672
1690,0.797672
1691,0.797672
1692,0.797672
1693,0.797672
1694,0.797672
1695,0.797672
1696,0.797672
1697,0.797672
1698,0.797672
1699,0.797672
1700,0.797672
1701,0.797672
1702,0.797672
1703,0.797672
1704,0.797672
1705,0.797672
1706,0.797672
1707,0.797672
1708,0.797672
1709,0.797672
1710,0.797672
1711,0.797672
1712,0.797672
1713,0.797672
1714,0.797672
1715,0.797672
1716,0.797672
1717,0.797672
1718,0.797672
1719,0.797672
1720,0.797672
1721,0.797672
1722,0.797672
1723,0.797672
1724,0.797672
1725,0.797672
1726,0.797672
1727,0.797672
1728,0.797672
1729,0.797672
1730,0.797672
1731,0.797672
1732,0.797672
1733,0.797672
1734,0.797672
1735,0.797672
1736,0.797672
1737,0.775009
1738,0.782905
1739,0.782905
1740,0.782905
1741,0.782905
1742,0.782905
1743,0.782905
1744,0.782905
1745,0.782905
1746,0.782905
1747,0.782905
1748,0.782905
1749,0.782905
1750,0.782905
1751,0.782905
1752,0.782905
1753,0.782905
1754,0.782905
1755,0.782905
1756,0.782905
1757,0.782905
1758,0.782905
1759,0.782905
1760,0.782905
1761,0.782905
1762,0.782905
1763,0.782905
1764,0.782905
1765,0.782905
1766,0.782905
1767,0.782905
1768,0.782905
1769,0.782905
1770,0.782905
1771,0.782905
1772,0.782905
1773,0.782905
1774,0.782905
1775,0.782905
1776,0.782905
1777,0.782905
1778,0.782905
1779,0.782905
1780,0.782905
1781,0.782905
1782,0.782905
1783,0.782905
1784,0.782905
1785,0.782905
1786,0.782905
1787,0.782905
1788,0.782905
1789,0.782905
1790,0.782905
1791,0.782905
1792,0.782905
1793,0.782905
1794,0.782905
1795,0.782905
1796,0.782905
1797,0.782905
1798,0.782905
1799,0.782905
1800,0.782905
1801,0.782905
1802,0.782905
1803,0.782905
1804,0.782905
1805,0.782905
1806,0.782905
1807,0.782905
1808,0.782905
1809,0.782905
1810,0.782905
1811,0.782905
1812,0.782905
1813,0.782905
1814,0.782905
1815,0.782905
1816,0.782905
1817,0.782905
1818,0.782905
1819,0.782905
1820,0.782905
1821,0.782905
1822,0.782905
1823,0.782905
1824,0.782905
1825,0.782905
1826,0.782905
1827,0.782905
1828,0.782905
1829,0.782905
1830,0.782905
1831,0.782905
1832,0.782905
1833,0.782905
1834,0.782905
1835,0.782905
1836,0.782905
1837,0.782905
1838,0.782905
1839,0.782905
1840,0.782905
1841,0.782905
1842,0.782905
1843,0.782905
1844,0.782905
1845,0.782905
1846,0.782905
1847,0.782905
1848,0.782905
1849,0.782905
1850,0.782905
1851,0.782905
1852,0.782905
1853,0.782905
1854,0.782905
1855,0.782905
1856,0.782905
1857,0.782905
1858,0.782905
1859,0.782905
1860,0.782905
1861,0.782905
1862,0.782905
1863,0.782905
1864,0.782905
1865,0.782905
1866,0.782905
1867,0.782905
1868,0.782905
1869,0.782905
1870,0.782905
1871,0.782905
1872,0.782905
1873,0.782905
1874,0.782905
1875,0.782905
1876,0.782905
1877,0.782905
1878,0.782905
1879,0.782905
1880,0.782905
1881,0.782905
1882,0.782905
1883,0.782905
1884,0.782905
1885,0.782905
1886,0.782905
1887,0.782905
1888,0.782905
1889,0.782905
1890,0.782905
1891,0.782905
1892,0.782905
1893,0.782905
1894,0.782905
1895,0.782905
1896,0.782905
1897,0.782905
1898,0.782905
1899,0.782905
1900,0.782905
1901,0.782905
1902,0.782905
1903,0.782905
1904,0.782905
1905,0.782905
1906,0.782905
1907,0.782905
1908,0.782905
1909,0.782905
1910,0.782905
1911,0.782905
1912,0.782905
1913,0.782905
1914,0.782905
1915,0.782905
1916,0.782905
1917,0.782905
1918,0.782905
1919,0.782905
1920,0.782905
1921,0.782905
1922,0.782905
1923,0.782905
1924,0.782905
1925,0.782905
1926,0.782905
1927,0.782905
1928,0.782905
1929,0.782905
1930,0.782905
1931,0.782905
1932,0.782905
1933,0.782905
1934,0.782905
1935,0.782905
1936,0.782905
1937,0.782905
1938,0.782905
1939,0.782905
1940,0.782905
1941,0.782905
1942,0.782905
1943,0.782905
1944,0.782905
1945,0.782905
1946,0.782905
1947,0.782905
1948,0.782905
1949,0.782905
1950,0.782905
1951,0.782905
1952,0.782905
1953,0.782905
1954,0.782905
1955,0.782905
1956,0.782905
1957,0.782905
1958,0.782905
1959,0.782905
1960,0.782905
1961,0.782905
1962,0.782905
1963,0.782905
1964,0.782905
1965,0.782905
1966,0.782905
1967,0.782905
1968,0.782905
1969,0.782905
1970,0.782905
1971,0.782905
1972,0.782905
1973,0.782905
1974,0.782905
1975,0.782905
1976,0.782905
1977,0.782905
1978,0.782905
1979,0.782905
1980,0.782905
1981,0.782905
1982,0.782905
1983,0.782905
1984,0.782905
1985,0.782905
1986,0.782905
1987,0.782905
1988,0.782905
1989,0.782905
1990,0.782905
1991,0.782905
1992,0.782905
1993,0.782905
1994,0.782905
1995,0.782905
1996,0.782905
1997,0.782905
1998,0.782905
1999,0.782905
2000,0.749577
2001,0.760447
2002,0.761165
2003,0.761165
2004,0.761165
2005,0.761165
2006,0.761165
2007,0.761165
2008,0.761165
2009,0.761165
2010,0.761165
2011,0.761165
2012,0.761165
2013,0.761165
2014,0.761165
2015,0.761165
2016,0.761165
2017,0.761165
2018,0.761165
2019,0.829154
2020,0.817003
2021,0.785725
2022,0.797262
2023,0.797262
2024,0.797262
2025,0.797262
2026,0.797262
2027,0.797262
2028,0.797262
2029,0.797262
2030,0.797262
2031,0.794442
2032,0.794442
2033,0.794442
2034,0.794442
2035,0.794442
2036,0.794442
2037,0.794442
2038,0.794442
2039,0.794442
2040,0.794442
2041,0.794442
2042,0.794442
2043,0.794442
2044,0.794442
2045,0.794442
2046,0.794442
2047,0.794442
2048,0.794442
2049,0.794442
2050,0.794442
2051,0.794442
2052,0.794442
2053,0.794442
2054,0.794442
2055,0.794442
2056,0.794442
2057,0.794442
2058,0.794442
2059,0.794442
2060,0.794442
2061,0.794442
2062,0.794442
2063,0.794442
2064,0.794442
2065,0.794442
2066,0.794442
2067,0.794442
2068,0.794442
2069,0.794442
2070,0.794442
2071,0.794442
2072,0.794442
2073,0.794442
2074,0.794442
2075,0.794442
2076,0.794442
2077,0.794442
2078,0.794442
2079,0.794442
2080,0.794442
2081,0.794442
2082,0.794442
2083,0.794442
2084,0.794442
2085,0.794442
2086,0.794442
2087,0.794442
2088,0.794442
2089,0.794442
2090,0.794442
2091,0.794442
2092,0.794442
2093,0.794442
2094,0.794442
2095,0.794442
2096,0.794442
2097,0.794442
2098,0.794442
2099,0.794442
2100,0.794442
2101,0.794442
2102,0.794442
2103,0.794442
2104,0.794442
2105,0.794442
2106,0.794442
2107,0.794442
2108,0.794442
2109,0.794442
2110,0.794442
2111,0.794442
2112,0.794442
2113,0.794442
2114,0.794442
2115,0.794442
2116,0.794442
2117,0.794442
2118,0.794442
2119,0.794442
2120,0.794442
2121,0.794442
2122,0.794442
2123,0.794442
2124,0.794442
2125,0.794442
2126,0.794442
2127,0.794442
2128,0.794442
2129,0.794442
2130,0.794442
2131,0.794442
2132,0.794442
2133,0.794442
2134,0.794442
2135,0.794442
2136,0.794442
2137,0.794442
2138,0.794442
2139,0.794442
2140,0.794442
2141,0.794442
2142,0.794442
2143,0.794442
2144,0.794442
2145,0.794442
2146,0.794442
2147,0.794442
2148,0.794442
2149,0.794442
2150,0.794442
2151,0.794442
2152,0.794442
2153,0.794442
2154,0.794442
2155,0.794442
2156,0.794442
2157,0.794442
2158,0.794442
2159,0.794442
2160,0.794442
2161,0.794442
2162,0.794442
2163,0.794442
2164,0.794442
2165,0.794442
2166,0.794442
2167,0.794442
2168,0.794442
2169,0.794442
2170,0.794442
2171,0.794442
2172,0.794442
2173,0.794442
2174,0.794442
2175,0.794442
2176,0.794442
2177,0.794442
2178,0.794442
2179,0.794442
2180,0.794442
2181,0.794442
2182,0.794442
2183,0.794442
2184,0.794442
2185,0.794442
2186,0.794442
2187,0.794442
2188,0.794442
2189,0.794442
2190,0.794442
2191,0.794442
2192,0.794442
2193,0.794442
2194,0.794442
2195,0.794442
2196,0.794442
2197,0.794442
2198,0.794442
2199,0.794442
2200,0.794442
2201,0.794442
2202,0.794442
2203,0.794442
2204,0.794442
2205,0.794442
2206,0.794442
2207,0.794442
2208,0.794442
2209,0.794442
2210,0.794442
2211,0.794442
2212,0.794442
2213,0.794442
2214,0.794442
2215,0.794442
2216,0.794442
2217,0.794442
2218,0.794442
2219,0.794442
2220,0.794442
2221,0.794442
2222,0.794442
2223,0.794442
2224,0.794442
2225,0.794442
2226,0.794442
2227,0.794442
2228,0.794442
2229,0.794442
2230,0.794442
2231,0.794442
2232,0.794442
2233,0.794442
2234,0.794442
2235,0.779624
2236,0.784136
2237,0.784136
2238,0.784136
2239,0.784136
2240,0.800646
2241,0.800646
2242,0.800646
2243,0.800646
2244,0.799159
2245,0.799159
2246,0.799159
2247,0.799159
2248,0.799159
2249,0.799159
2250,0.799159
2251,0.799159
2252,0.799159
2253,0.799159
2254,0.799159
2255,0.799159
2256,0.799159
2257,0.799159
2258,0.799159
2259,0.799159
2260,0.799159
2261,0.843614
2262,0.846126
2263,0.846126
2264,0.846126
2265,0.827616
2266,0.827616
2267,0.827616
2268,0.827616
2269,0.831154
2270,0.831154
2271,0.831154
2272,0.849767
2273,0.849767
2274,0.849767
2275,0.849767
2276,0.832436
2277,0.832436
2278,0.832231
2279,0.842691
2280,0.847767
2281,0.847767
2282,0.836846
2283,0.847049
2284,0.847049
2285,0.847306
2286,0.847306
2287,0.83059
2288,0.832231
2289,0.84105
2290,0.84105
2291,0.84105
2292,0.835666
2293,0.834384
2294,0.834384
2295,0.834384
2296,0.834384
2297,0.825565
2298,0.825565
2299,0.812029
2300,0.812029
2301,0.812029
2302,0.812029
2303,0.812029
2304,0.812029
2305,0.812029
2306,0.812029
2307,0.812029
2308,0.812029
2309,0.824642
2310,0.824642
2311,0.824642
2312,0.824642
2313,0.824642
2314,0.824642
2315,0.824642
2316,0.824642
2317,0.824642
2318,0.824642
2319,0.824642
2320,0.824642
2321,0.824642
2322,0.824642
2323,0.824642
2324,0.824642
2325,0.824642
2326,0.824642
2327,0.824642
2328,0.824642
2329,0.824642
2330,0.824642
2331,0.824642
2332,0.824642
2333,0.824642
2334,0.824642
2335,0.824642
2336,0.824642
2337,0.824642
2338,0.824642
2339,0.824642
2340,0.824642
2341,0.824642
2342,0.824642
2343,0.824642
2344,0.824642
2345,0.824642
2346,0.824642
2347,0.824642
2348,0.824642
2349,0.824642
2350,0.824642
2351,0.824642
2352,0.824642
2353,0.824642
2354,0.824642
2355,0.826078
2356,0.825155
2357,0.828232
2358,0.828232
2359,0.828232
2360,0.828232
2361,0.828232
2362,0.828232
2363,0.828232
2364,0.828232
2365,0.828232
2366,0.820694
2367,0.821053
2368,0.821053
2369,0.821053
2370,0.821053
2371,0.832641
2372,0.832641
2373,0.832641
2374,0.826232
2375,0.826232
2376,0.826232
2377,0.826232
2378,0.826232
2379,0.826232
2380,0.834282
2381,0.834282
2382,0.834282
2383,0.834282
2384,0.834282
2385,0.834282
2386,0.834282
2387,0.834282
2388,0.834282
2389,0.834282
2390,0.834282
2391,0.834282
2392,0.828642
2393,0.828642
2394,0.828642
2395,0.828642
2396,0.828642
2397,0.828642
2398,0.828642
2399,0.828642
2400,0.828642
2401,0.828642
2402,0.828642
2403,0.828642
2404,0.828642
2405,0.828642
2406,0.828642
2407,0.828642
2408,0.828642
2409,0.828642
2410,0.828642
2411,0.817977
2412,0.827411
2413,0.831513
2414,0.831513
2415,0.838281
2416,0.838281
2417,0.834846
2418,0.834846
2419,0.834846
2420,0.838281
2421,0.838281
2422,0.838281
2423,0.838281
2424,0.838281
2425,0.838281
2426,0.838281
2427,0.838281
2428,0.838281
2429,0.838281
2430,0.838281
2431,0.838281
2432,0.838281
2433,0.838281
2434,0.838281
2435,0.838281
2436,0.806081
2437,0.811721
2438,0.806081
2439,0.81085
2440,0.81085
2441,0.81085
2442,0.81085
2443,0.81085
2444,0.81085
2445,0.81085
2446,0.809055
2447,0.803517
2448,0.803517
2449,0.816541
2450,0.811978
2451,0.811978
2452,0.829052
2453,0.829052
2454,0.832026
2455,0.828693
2456,0.828693
2457,0.828693
2458,0.828693
2459,0.828693
2460,0.828693
2461,0.828693
2462,0.828693
2463,0.828693
2464,0.828693
2465,0.828693
2466,0.828693
2467,0.828693
2468,0.828693
2469,0.828693
2470,0.828693
2471,0.828693
2472,0.828693
2473,0.828693
2474,0.828693
2475,0.828693
2476,0.828693
2477,0.828693
2478,0.828693
2479,0.828693
2480,0.828693
2481,0.828693
2482,0.828693
2483,0.828693
2484,0.828693
2485,0.828693
2486,0.828693
2487,0.828693
2488,0.828693
2489,0.828693
2490,0.828693
2491,0.828693
2492,0.828693
2493,0.828693
2494,0.828693
2495,0.828693
2496,0.828693
2497,0.828693
2498,0.828693
2499,0.828693
2500,0.828693
2501,0.828693
2502,0.828693
2503,0.828693
2504,0.828693
2505,0.828693
2506,0.828693
2507,0.828693
2508,0.828693
2509,0.828693
2510,0.828693
2511,0.828693
2512,0.828693
2513,0.828693
2514,0.828693
2515,0.828693
2516,0.828693
2517,0.828693
2518,0.828693
2519,0.828693
2520,0.828693
2521,0.828693
2522,0.828693
2523,0.828693
2524,0.828693
2525,0.828693
2526,0.828693
2527,0.828693
2528,0.828693
2529,0.828693
2530,0.828693
2531,0.828693
2532,0.828693
2533,0.828693
2534,0.828693
2535,0.828693
2536,0.828693
2537,0.828693
2538,0.828693
2539,0.828693
2540,0.828693
2541,0.828693
2542,0.828693
2543,0.828693
2544,0.828693
2545,0.828693
2546,0.828693
2547,0.828693
2548,0.828693
2549,0.828693
2550,0.828693
2551,0.828693
2552,0.828693
2553,0.828693
2554,0.828693
2555,0.828693
2556,0.828693
2557,0.828693
2558,0.828693
2559,0.828693
2560,0.828693
2561,0.828693
2562,0.828693
2563,0.828693
2564,0.828693
2565,0.828693
2566,0.828693
2567,0.828693
2568,0.828693
2569,0.828693
2570,0.828693
2571,0.828693
2572,0.828693
2573,0.828693
2574,0.828693
2575,0.828693
2576,0.828693
2577,0.828693
2578,0.828693
2579,0.828693
2580,0.828693
2581,0.828693
2582,0.828693
2583,0.828693
2584,0.828693
2585,0.828693
2586,0.828693
2587,0.828693
2588,0.828693
2589,0.828693
2590,0.828693
2591,0.828693
2592,0.815926
2593,0.815926
2594,0.815926
2595,0.811721
2596,0.806184
2597,0.806184
2598,0.809209
2599,0.811721
2600,0.811721
2601,0.809209
2602,0.809209
2603,0.809209
2604,0.816438
2605,0.816438
2606,0.817259
2607,0.817259
2608,0.817259
2609,0.814131
2610,0.817259
2611,0.817259
2612,0.817259
2613,0.820489
2614,0.820489
2615,0.820489
2616,0.820489
2617,0.817259
2618,0.817054
2619,0.817054
2620,0.817054
2621,0.817054
2622,0.817054
2623,0.813875
2624,0.816438
2625,0.816438
2626,0.809158
2627,0.809158
2628,0.809158
2629,0.809158
2630,0.809158
2631,0.809158
2632,0.819053
2633,0.819053
2634,0.819053
2635,0.821771
2636,0.821771
2637,0.821771
2638,0.821771
2639,0.821771
2640,0.821771
2641,0.821771
2642,0.821771
2643,0.821771
2644,0.821771
2645,0.821771
2646,0.821771
2647,0.821771
2648,0.821771
2649,0.821771
2650,0.821771
2651,0.814336
2652,0.814336
2653,0.814336
2654,0.814336
2655,0.814336
2656,0.814336
2657,0.814336
2658,0.814336
2659,0.814336
2660,0.814336
2661,0.814336
2662,0.814336
2663,0.821771
2664,0.818592
2665,0.818592
2666,0.818592
2667,0.818592
2668,0.818592
2669,0.814336
2670,0.816644
2671,0.816644
2672,0.816644
2673,0.816644
2674,0.813875
2675,0.813875
2676,0.813875
2677,0.813875
2678,0.813875
2679,0.811209
2680,0.813875
2681,0.816644
2682,0.815516
2683,0.815516
2684,0.815516
2685,0.815516
2686,0.815516
2687,0.818233
2688,0.818592
2689,0.818592
2690,0.818592
2691,0.818592
2692,0.818592
2693,0.818592
2694,0.818592
2695,0.818592
2696,0.818592
2697,0.818592
2698,0.818592
2699,0.818592
2700,0.821771
2701,0.821771
2702,0.821771
2703,0.821771
2704,0.821771
2705,0.827514
2706,0.827514
2707,0.827514
2708,0.824232
2709,0.824232
2710,0.824232
2711,0.824232
2712,0.824232
2713,0.824232
2714,0.824232
2715,0.824232
2716,0.824232
2717,0.824232
2718,0.824232
2719,0.824232
2720,0.824232
2721,0.824232
2722,0.824232
2723,0.824232
2724,0.824232
2725,0.827514
2726,0.827514
2727,0.827514
2728,0.827514
2729,0.827514
2730,0.827514
2731,0.827514
2732,0.827514
2733,0.827514
2734,0.827514
2735,0.827514
2736,0.827514
2737,0.827514
2738,0.827514
2739,0.827514
2740,0.827514
2741,0.827514
2742,0.827514
2743,0.830898
2744,0.830898
2745,0.833974
2746,0.833974
2747,0.833974
2748,0.833974
2749,0.833974
2750,0.833667
2751,0.833667
2752,0.833667
2753,0.833667
2754,0.833667
2755,0.833667
2756,0.833667
2757,0.833667
2758,0.833667
2759,0.833667
2760,0.833667
2761,0.833667
2762,0.833667
2763,0.833667
2764,0.833667
2765,0.833667
2766,0.833667
2767,0.833667
2768,0.833667
2769,0.833667
2770,0.833667
2771,0.833667
2772,0.833667
2773,0.833667
2774,0.833667
2775,0.833667
2776,0.833667
2777,0.833667
2778,0.833667
2779,0.833667
2780,0.833667
2781,0.833667
2782,0.833667
2783,0.833667
2784,0.833667
2785,0.833667
2786,0.833667
2787,0.833667
2788,0.833667
2789,0.833667
2790,0.833667
2791,0.833667
2792,0.833667
2793,0.833667
2794,0.833667
2795,0.833667
2796,0.833667
2797,0.833667
2798,0.833667
2799,0.833667
2800,0.833667
2801,0.833667
2802,0.833667
2803,0.833667
2804,0.833667
2805,0.833667
2806,0.833667
2807,0.833667
2808,0.833667
2809,0.833667
2810,0.833667
2811,0.833667
2812,0.833667
2813,0.833667
2814,0.833667
2815,0.833667
2816,0.833667
2817,0.833667
2818,0.833667
2819,0.827206
2820,0.827206
2821,0.827206
2822,0.827206
2823,0.827206
2824,0.830283
2825,0.830283
2826,0.830283
2827,0.830283
2828,0.830283
2829,0.830283
2830,0.830283
2831,0.830283
2832,0.830283
2833,0.830283
2834,0.830283
2835,0.830283
2836,0.830283
2837,0.830283
2838,0.830283
2839,0.830283
2840,0.830283
2841,0.830283
2842,0.830283
2843,0.830283
2844,0.830283
2845,0.833667
2846,0.833667
2847,0.833667
2848,0.833667
2849,0.833667
2850,0.833667
2851,0.833667
2852,0.833667
2853,0.833667
2854,0.833667
2855,0.833667
2856,0.833667
2857,0.833667
2858,0.833667
2859,0.833667
2860,0.833667
2861,0.833667
2862,0.833667
2863,0.833667
2864,0.833667
2865,0.833667
2866,0.833667
2867,0.833667
2868,0.833667
2869,0.833667
2870,0.833667
2871,0.833667
2872,0.833667
2873,0.833667
2874,0.833667
2875,0.833667
2876,0.833667
2877,0.833667
2878,0.833667
2879,0.833667
2880,0.833667
2881,0.833667
2882,0.833667
2883,0.833667
2884,0.833667
2885,0.833667
2886,0.833667
2887,0.833667
2888,0.833667
2889,0.833667
2890,0.833667
2891,0.833667
2892,0.833667
2893,0.833667
2894,0.833667
2895,0.833667
2896,0.833667
2897,0.833667
2898,0.833667
2899,0.833667
2900,0.833667
2901,0.833667
2902,0.833667
2903,0.833667
2904,0.833667
2905,0.833667
2906,0.833667
2907,0.833667
2908,0.833667
2909,0.833667
2910,0.833667
2911,0.833667
2912,0.833667
2913,0.833667
2914,0.833667
2915,0.833667
2916,0.833667
2917,0.833667
2918,0.833667
2919,0.833667
2920,0.833667
2921,0.833667
2922,0.833667
2923,0.833667
2924,0.833667
2925,0.833667
2926,0.833667
2927,0.833667
2928,0.833667
2929,0.833667
2930,0.833667
2931,0.833667
2932,0.833667
2933,0.833667
2934,0.833667
2935,0.833667
2936,0.833667
2937,0.833667
2938,0.833667
2939,0.833667
2940,0.833667
2941,0.833667
2942,0.833667
2943,0.833667
2944,0.833667
2945,0.833667
2946,0.833667
2947,0.833667
2948,0.833667
2949,0.833667
2950,0.833667
2951,0.833667
2952,0.833667
2953,0.833667
2954,0.833667
2955,0.833667
2956,0.833667
2957,0.833667
2958,0.833667
2959,0.833667
2960,0.833667
2961,0.833667
2962,0.833667
2963,0.833667
2964,0.833667
2965,0.833667
2966,0.833667
2967,0.833667
2968,0.833667
2969,0.833667
2970,0.833667
2971,0.833667
2972,0.833667
2973,0.833667
2974,0.833667
2975,0.833667
2976,0.833667
2977,0.833667
2978,0.833667
2979,0.833667
2980,0.833667
2981,0.833667
2982,0.833667
2983,0.833667
2984,0.833667
2985,0.833667
2986,0.833667
2987,0.833667
2988,0.833667
2989,0.833667
2990,0.833667
2991,0.833667
2992,0.833667
2993,0.833667
2994,0.833667
2995,0.833667
2996,0.833667
2997,0.833667
2998,0.833667
2999,0.833667
